cn.njnu.som.SDAJSlof@43665a0d
cntyidfp	lof		attrsVal
----------------------------------------------------------------------1
81	18.3913	[0.6304, ]
nbs
70	0.1483	[0.4565, ]
71	0.1919	[0.4565, ]
72	0.1449	[0.4565, ]
80	0.2233	[0.4565, ]
82	0.2052	[0.4565, ]
90	0.1471	[0.4565, ]
91	0.2233	[0.4565, ]
92	0.1581	[0.4565, ]
----------------------------------------------------------------------2
94	3.8798	[0.8696, ]
nbs
83	0.4275	[0.4565, ]
84	1.3143	[0.2609, ]
85	1.0783	[0.2826, ]
93	0.3890	[0.4565, ]
95	0.4907	[0.4348, ]
----------------------------------------------------------------------3
05	3.0329	[1.0000, ]
nbs
04	0.7894	[0.6304, ]
06	0.5295	[0.4130, ]
14	0.6484	[0.4783, ]
15	0.5881	[0.4783, ]
16	0.6343	[0.4348, ]
----------------------------------------------------------------------4
07	2.6912	[0.8913, ]
nbs
06	0.5295	[0.4130, ]
08	0.9710	[0.2174, ]
16	0.6343	[0.4348, ]
17	0.5565	[0.4130, ]
18	0.8892	[0.3696, ]
----------------------------------------------------------------------5
64	2.4886	[0.0000, ]
nbs
53	0.9516	[0.6087, ]
54	1.0657	[0.7174, ]
55	0.8710	[0.2609, ]
63	0.5928	[0.4565, ]
65	0.8954	[0.3478, ]
73	0.3851	[0.4565, ]
74	0.9072	[0.5652, ]
75	0.8571	[0.5870, ]
----------------------------------------------------------------------6
36	2.1316	[0.0870, ]
nbs
25	2.0414	[0.7826, ]
26	0.6470	[0.5435, ]
27	0.5544	[0.5217, ]
35	0.8146	[0.2174, ]
37	0.3912	[0.5435, ]
45	1.1441	[0.6304, ]
46	0.8129	[0.5870, ]
47	0.6260	[0.5870, ]
----------------------------------------------------------------------7
39	2.0555	[0.1304, ]
nbs
28	1.0554	[0.6957, ]
29	1.4534	[0.8696, ]
38	0.7127	[0.6304, ]
48	0.8549	[0.4130, ]
49	0.6533	[0.4348, ]
----------------------------------------------------------------------8
25	2.0414	[0.7826, ]
nbs
14	0.6484	[0.4783, ]
15	0.5881	[0.4783, ]
16	0.6343	[0.4348, ]
24	0.8709	[0.1739, ]
26	0.6470	[0.5435, ]
34	0.8371	[0.2391, ]
35	0.8146	[0.2174, ]
36	2.1316	[0.0870, ]
----------------------------------------------------------------------9
99	1.6418	[0.1957, ]
nbs
88	1.5179	[0.6522, ]
89	0.7827	[0.5652, ]
98	0.7291	[0.3913, ]
----------------------------------------------------------------------10
88	1.5179	[0.6522, ]
nbs
77	0.6877	[0.4783, ]
78	1.2173	[0.2609, ]
79	0.6533	[0.5217, ]
87	0.5270	[0.4130, ]
89	0.7827	[0.5652, ]
97	1.0567	[0.3043, ]
98	0.7291	[0.3913, ]
99	1.6418	[0.1957, ]
----------------------------------------------------------------------
