cntyidfp	lof		attrsVal
----------------------------------------------------------------------1
05	0.4277	[1.0000, ]
nbs
04	0.0765	[0.6304, ]
06	0.0554	[0.4130, ]
14	0.0552	[0.4783, ]
15	0.0773	[0.4783, ]
16	0.0532	[0.4348, ]
----------------------------------------------------------------------2
25	0.2480	[0.7826, ]
nbs
14	0.0552	[0.4783, ]
15	0.0773	[0.4783, ]
16	0.0532	[0.4348, ]
24	0.1095	[0.1739, ]
26	0.0454	[0.5435, ]
34	0.1102	[0.2391, ]
35	0.0701	[0.2174, ]
36	0.1545	[0.0870, ]
----------------------------------------------------------------------3
07	0.2061	[0.8913, ]
nbs
06	0.0554	[0.4130, ]
08	0.0977	[0.2174, ]
16	0.0532	[0.4348, ]
17	0.0132	[0.4130, ]
18	0.0246	[0.3696, ]
----------------------------------------------------------------------4
81	0.1739	[0.6304, ]
nbs
70	0.0000	[0.4565, ]
71	0.0000	[0.4565, ]
72	0.0000	[0.4565, ]
80	0.0000	[0.4565, ]
82	0.0000	[0.4565, ]
90	0.0000	[0.4565, ]
91	0.0000	[0.4565, ]
92	0.0000	[0.4565, ]
----------------------------------------------------------------------5
39	0.1727	[0.1304, ]
nbs
28	0.0248	[0.6957, ]
29	0.1389	[0.8696, ]
38	0.0490	[0.6304, ]
48	0.0969	[0.4130, ]
49	0.1082	[0.4348, ]
----------------------------------------------------------------------6
36	0.1545	[0.0870, ]
nbs
25	0.2480	[0.7826, ]
26	0.0454	[0.5435, ]
27	0.0349	[0.5217, ]
35	0.0701	[0.2174, ]
37	0.0246	[0.5435, ]
45	0.1031	[0.6304, ]
46	0.0242	[0.5870, ]
47	0.0505	[0.5870, ]
----------------------------------------------------------------------7
29	0.1389	[0.8696, ]
nbs
18	0.0246	[0.3696, ]
19	0.0379	[0.4130, ]
28	0.0248	[0.6957, ]
38	0.0490	[0.6304, ]
39	0.1727	[0.1304, ]
----------------------------------------------------------------------8
30	0.1380	[0.2391, ]
nbs
20	0.0516	[0.7609, ]
21	0.0213	[0.4783, ]
31	0.0342	[0.8043, ]
40	0.0633	[0.3478, ]
41	0.0462	[0.8913, ]
----------------------------------------------------------------------9
99	0.1210	[0.1957, ]
nbs
88	0.0868	[0.6522, ]
89	0.0318	[0.5652, ]
98	0.0512	[0.3913, ]
----------------------------------------------------------------------10
34	0.1102	[0.2391, ]
nbs
23	0.0219	[0.5000, ]
24	0.1095	[0.1739, ]
25	0.2480	[0.7826, ]
33	0.0546	[0.4130, ]
35	0.0701	[0.2174, ]
43	0.0246	[0.5435, ]
44	0.0565	[0.3478, ]
45	0.1031	[0.6304, ]
----------------------------------------------------------------------
