maxMinus0.4945652173913043
cntyidfp	lof		attrsVal
----------------------------------------------------------------------1
64	26.1445	[0.0000, ]
nbs
53	0.5194	[0.6087, ]
54	1.0950	[0.7174, ]
55	0.2793	[0.2609, ]
63	0.7857	[0.4565, ]
65	0.0089	[0.3478, ]
73	0.7990	[0.4565, ]
74	0.5008	[0.5652, ]
75	0.0834	[0.5870, ]
----------------------------------------------------------------------2
81	19.0828	[0.6304, ]
nbs
70	0.6392	[0.4565, ]
71	0.8613	[0.4565, ]
72	1.5568	[0.4565, ]
80	0.0000	[0.4565, ]
82	0.7249	[0.4565, ]
90	0.0000	[0.4565, ]
91	0.0000	[0.4565, ]
92	0.5225	[0.4565, ]
----------------------------------------------------------------------3
94	12.6666	[0.8696, ]
nbs
83	0.3952	[0.4565, ]
84	1.7428	[0.2609, ]
85	0.9972	[0.2826, ]
93	0.1285	[0.4565, ]
95	0.3257	[0.4348, ]
----------------------------------------------------------------------4
05	10.4646	[1.0000, ]
nbs
04	0.1003	[0.6304, ]
06	0.6530	[0.4130, ]
14	0.9234	[0.4783, ]
15	0.9955	[0.4783, ]
16	0.7617	[0.4348, ]
----------------------------------------------------------------------5
07	10.3968	[0.8913, ]
nbs
06	0.6530	[0.4130, ]
08	0.5900	[0.2174, ]
16	0.7617	[0.4348, ]
17	1.1385	[0.4130, ]
18	0.1195	[0.3696, ]
----------------------------------------------------------------------6
36	6.4037	[0.0870, ]
nbs
25	6.0468	[0.7826, ]
26	0.7491	[0.5435, ]
27	1.1616	[0.5217, ]
35	0.4356	[0.2174, ]
37	2.1294	[0.5435, ]
45	1.4116	[0.6304, ]
46	0.5659	[0.5870, ]
47	1.3731	[0.5870, ]
----------------------------------------------------------------------7
39	6.1634	[0.1304, ]
nbs
28	0.9173	[0.6957, ]
29	2.3646	[0.8696, ]
38	0.6055	[0.6304, ]
48	0.0623	[0.4130, ]
49	0.3496	[0.4348, ]
----------------------------------------------------------------------8
25	6.0468	[0.7826, ]
nbs
14	0.9234	[0.4783, ]
15	0.9955	[0.4783, ]
16	0.7617	[0.4348, ]
24	0.0109	[0.1739, ]
26	0.7491	[0.5435, ]
34	0.3105	[0.2391, ]
35	0.4356	[0.2174, ]
36	6.4037	[0.0870, ]
----------------------------------------------------------------------9
13	5.5265	[0.1957, ]
nbs
02	2.4344	[0.1087, ]
03	1.6538	[0.5435, ]
04	0.1003	[0.6304, ]
12	1.3602	[0.6522, ]
14	0.9234	[0.4783, ]
22	0.4037	[0.6957, ]
23	0.7667	[0.5000, ]
24	0.0109	[0.1739, ]
----------------------------------------------------------------------10
41	5.4880	[0.8913, ]
nbs
30	2.1093	[0.2391, ]
31	1.0841	[0.8043, ]
32	3.3854	[0.2174, ]
40	1.0373	[0.3478, ]
42	1.6063	[0.2174, ]
50	1.0856	[0.7826, ]
51	2.6087	[0.6739, ]
52	2.9089	[0.2609, ]
----------------------------------------------------------------------
